18
32
12
11
10
8
10
13
14
13
8
9
14
12
13
12
13
8
7
14
10
7
6
15
10
13
14
10
19
7
9
8
23
18
13
17
7
25
7
12
7
6
15
20
15
6
9
23
11
12
14
19
18
23
18
10
12
13
13
10
21
5
14
11
15
13
19
23
6
25
13
18
8
9
13
20
20
19
14
13
14
13
16
18
18
12
6
18
8
13
12
8
11
15
7
11
18
12
9
16
23
14
17
10
11
5
13
14
6
13
9
17
16
13
10
19
15
11
11
9
7
11
18
12
9
17
19
7
13
16
23
20
12
17
9
7
16
9
10
12
3
12
14
16
11
13
13
18
10
11
9
16
10
11
19
10
21
15
9
20
9
8
17
14
13
9
14
15
18
16
12
13
16
15
7
16
14
11
9
13
8
6
16
17
7
12
16
15
9
10
11
12
20
9
13
8
9
9
17
12
10
15
10
17
17
13
14
26
15
19
7
17
11
7
11
16
21
17
20
11
15
10
10
16
10
15
9
15
15
13
23
18
16
17
10
7
16
15
21
19
16
9
9
7
18
9
8
9
9
12
11
7
14
13
9
10
22
18
12
10
15
19
8
15
12
11
13
11
18
15
8
9
22
15
22
13
9
12
13
15
12
12
19
7
5
11
16
18
18
16
13
21
10
15
13
8
11
12
6
8
18
15
19
9
11
18
15
15
17
20
10
4
7
11
16
14
10
13
13
8
14
11
12
17
11
15
8
15
15
4
16
10
16
13
15
15
12
19
12
12
10
13
10
9
17
10
11
14
9
11
16
21
8
16
10
24
14
15
5
10
16
5
16
10
14
11
12
12
10
14
9
16
15
15
13
13
13
8
19
17
20
13
20
9
15
14
7
25
7
18
13
14
12
14
18
16
15
11
12
13
14
14
28
4
14
15
12
13
12
14
10
14
20
14
21
12
13
19
8
17
14
8
10
12
18
21
12
7
20
11
17
11
12
9
13
20
18
22
5
14
14
12
14
13
10
13
18
20
7
12
6
10
11
19
17
22
11
15
13
12
9
11
11
14
15
12
16
19
12
8
16
11
10
17
11
9
16
10
17
5
14
16
11
12
15
10
12
15
13
14
7
17
17
9
15
8
15
12
11
15
13
10
10
16
13
10
15
11
18
10
7
12
19
15
4
11
19
19
6
16
14
9
9
18
9
13
8
11
9
14
14
12
15
12
8
12
13
9
8
19
18
18
9
16
11
12
14
19
10
15
10
16
13
21
16
12
20
14
17
12
13
20
10
14
16
13
7
9
11
13
11
17
16
16
16
14
13
6
19
8
7
9
16
12
10
10
17
21
11
8
7
16
26
15
16
21
12
19
10
8
16
9
17
14
19
20
13
11
11
10
15
10
14
16
12
12
12
16
18
17
21
12
17
18
15
15
7
12
11
15
5
20
17
16
19
14
19
19
9
16
18
17
7
21
10
7
8
20
8
17
11
20
18
12
13
17
8
22
9
16
9
6
9
24
7
12
8
8
13
11
17
11
19
9
13
6
18
8
7
19
17
6
15
16
11
15
13
13
14
10
6
16
17
16
14
17
18
11
10
9
16
17
12
9
16
13
11
15
14
17
10
17
9
12
17
21
10
20
15
13
13
11
20
8
8
12
14
10
10
12
20
15
12
11
21
18
13
15
15
15
21
12
12
18
15
13
19
14
13
15
9
8
12
14
25
9
7
18
14
7
19
11
15
13
11
12
11
6
5
11
7
11
7
14
17
18
23
12
19
9
6
10
8
16
12
6
11
8
14
11
7
12
15
16
15
19
17
9
16
13
18
12
16
17
10
12
13
8
10
11
7
19
15
17
14
10
16
13
6
18
19
12
21
9
12
23
15
16
8
19
10
13
8
11
11
12
13
10
12
12
17
8
21
21
15
15
8
12
19
21
9
17
9
4
10
14
11
15
7
10
18
14
13
8
18
14
12
16
8
16
10
5
10
14
10
10
6
11
18
16
4
14
20
7
15
9
14
15
11
11
8
19
9
14
20
10
9
14
23
22
12
19
15
16
13
10
6
11
10
10
22
16
12
14
7
13
22
13
7
7
13
8
9
8
6
10
9
10
12
9
18
13
12
17
10
10
5
7
9
7
12
10
12
17
9
9
13
17
21
13
12
18
16
15
20
13
12
12
22
9
21
15
11
9
9
11
18
9
12
11
17
7
19
12
14
8
12
17
18
8
19
11
10
14
12
18
11
14
8
9
12
13
15
7
16
18
10
6
23
18
